{
  "advancedEditorSelectedIdentifier" : "ProjectBrowser",
  "openSceneRelativePaths" : [
    "Scene.usda"
  ],
  "recentIdentifiers" : {
    "26DBAE76-5DD8-47B6-A085-1B4ADA111097" : [

    ]
  },
  "sceneCameraHistory" : {
    "26DBAE76-5DD8-47B6-A085-1B4ADA111097" : [
      {
        "date" : 795962671.20803,
        "title" : "Untitled",
        "transform" : [
          0.9994329,
          2.2843651e-09,
          -0.033673733,
          0,
          -0.01901781,
          0.82525045,
          -0.56444657,
          0,
          0.027789263,
          0.5647669,
          0.82478243,
          0,
          -0.15041749,
          1.4157773,
          2.1739721,
          1
        ]
      },
      {
        "date" : 795962663.635602,
        "title" : "Untitled",
        "transform" : [
          0.9994329,
          2.2843651e-09,
          -0.033673733,
          0,
          -0.01901781,
          0.82525045,
          -0.56444657,
          0,
          0.027789263,
          0.5647669,
          0.82478243,
          0,
          0.45981717,
          1.8242766,
          1.8736937,
          1
        ]
      },
      {
        "date" : 795962659.331917,
        "title" : "Untitled",
        "transform" : [
          0.9994329,
          2.2843651e-09,
          -0.033673733,
          0,
          -0.01901781,
          0.82525045,
          -0.56444657,
          0,
          0.027789263,
          0.5647669,
          0.82478243,
          0,
          0.62921256,
          2.496859,
          1.407439,
          1
        ]
      },
      {
        "date" : 795962656.829351,
        "title" : "Untitled",
        "transform" : [
          0.9994329,
          2.2843651e-09,
          -0.033673733,
          0,
          -0.01901781,
          0.82525045,
          -0.56444657,
          0,
          0.027789263,
          0.5647669,
          0.82478243,
          0,
          0.62921256,
          2.496859,
          1.407439,
          1
        ]
      },
      {
        "date" : 795962648.695453,
        "title" : "Untitled",
        "transform" : [
          0.99713033,
          -2.2116497e-08,
          0.075703196,
          0,
          0.03191206,
          0.90680903,
          -0.4203318,
          0,
          -0.06864834,
          0.42154145,
          0.9042069,
          0,
          0.45450515,
          2.2404966,
          1.703096,
          1
        ]
      },
      {
        "date" : 795962642.287704,
        "title" : "Untitled",
        "transform" : [
          1,
          0,
          0,
          0,
          0,
          1,
          0,
          0,
          0,
          0,
          1,
          0,
          0.024393968,
          1.8913738,
          2,
          1
        ]
      },
      {
        "date" : 795962638.114702,
        "title" : "Untitled",
        "transform" : [
          1,
          0,
          0,
          0,
          0,
          1,
          0,
          0,
          0,
          0,
          1,
          0,
          0.023038784,
          1.8154813,
          2,
          1
        ]
      },
      {
        "date" : 795962216.076292,
        "title" : "Untitled",
        "transform" : [
          1,
          0,
          0,
          0,
          0,
          1,
          0,
          0,
          0,
          0,
          1,
          0,
          0.406565,
          -3.2273226,
          2,
          1
        ]
      },
      {
        "date" : 795962178.997527,
        "title" : "Untitled",
        "transform" : [
          1,
          0,
          0,
          0,
          0,
          1,
          0,
          0,
          0,
          0,
          1,
          0,
          -0.059629887,
          1.4482155,
          2,
          1
        ]
      },
      {
        "date" : 795962031.741696,
        "title" : "Untitled",
        "transform" : [
          0.99974984,
          2.1312022e-10,
          0.022366812,
          0,
          0.0039812597,
          0.9840307,
          -0.177954,
          0,
          -0.02200963,
          0.17799853,
          0.98378456,
          0,
          -0.1076594,
          2.480411,
          1.8121505,
          1
        ]
      }
    ]
  },
  "sceneViewportBackgroundColors" : {

  }
}