{
  "advancedEditorSelectedIdentifier" : "ShaderGraphEditorPluginID",
  "openSceneRelativePaths" : [
    "Scene.usda"
  ],
  "recentIdentifiers" : {
    "26DBAE76-5DD8-47B6-A085-1B4ADA111097" : [

    ]
  },
  "sceneCameraHistory" : {
    "26DBAE76-5DD8-47B6-A085-1B4ADA111097" : [
      {
        "date" : 796221020.65889,
        "title" : "Untitled",
        "transform" : [
          0.99945235,
          1.1478124e-11,
          -0.033090968,
          0,
          -0.000855826,
          0.9996655,
          -0.025848664,
          0,
          0.0330799,
          0.025862828,
          0.99911803,
          0,
          0.7925483,
          2.2201726,
          1.9374752,
          1
        ]
      },
      {
        "date" : 796220940.270214,
        "title" : "Untitled",
        "transform" : [
          0.9999613,
          1.1470408e-12,
          -0.008790383,
          0,
          -0.0001705744,
          0.99981177,
          -0.019403912,
          0,
          0.008788728,
          0.019404663,
          0.99977314,
          0,
          0.21065655,
          2.0654106,
          1.9635067,
          1
        ]
      },
      {
        "date" : 796220925.089678,
        "title" : "Untitled",
        "transform" : [
          0.9999879,
          -3.2532223e-13,
          -0.0049186433,
          0,
          6.6985376e-05,
          0.9999073,
          0.013618503,
          0,
          0.0049181874,
          -0.013618667,
          0.9998952,
          0,
          0.11814367,
          1.2730037,
          2.0192738,
          1
        ]
      },
      {
        "date" : 796220908.07135,
        "title" : "Untitled",
        "transform" : [
          0.9999922,
          -3.6200504e-12,
          -0.0039578644,
          0,
          0.00011384811,
          0.9995862,
          0.02876481,
          0,
          0.0039562266,
          -0.028765036,
          0.9995784,
          0,
          0.0951316,
          0.90897715,
          2.0359058,
          1
        ]
      },
      {
        "date" : 796220775.374971,
        "title" : "Untitled",
        "transform" : [
          0.99985754,
          -4.8954764e-12,
          -0.016877525,
          0,
          -0.000116709154,
          0.9999761,
          -0.0069140787,
          0,
          0.01687712,
          0.0069150636,
          0.99983364,
          0,
          0.40486416,
          1.7659234,
          1.9849453,
          1
        ]
      },
      {
        "date" : 796220754.407765,
        "title" : "Untitled",
        "transform" : [
          0.9999997,
          3.3562098e-11,
          -0.00077436666,
          0,
          -0.0004290269,
          0.83249277,
          -0.55403566,
          0,
          0.0006446546,
          0.55403584,
          0.83249253,
          0,
          0.01478527,
          14.628849,
          -2.9066353,
          1
        ]
      },
      {
        "date" : 796220750.575776,
        "title" : "Untitled",
        "transform" : [
          0.9997335,
          -3.5064729e-12,
          -0.02308555,
          0,
          -0.00039846913,
          0.99985105,
          -0.017255943,
          0,
          0.023082111,
          0.017260544,
          0.99958456,
          0,
          0.5533331,
          2.0140147,
          1.9624214,
          1
        ]
      },
      {
        "date" : 796220710.38987,
        "title" : "Untitled",
        "transform" : [
          0.9996261,
          4.8139714e-10,
          -0.027343206,
          0,
          -0.0022390434,
          0.9966417,
          -0.08185606,
          0,
          0.027251381,
          0.08188665,
          0.996269,
          0,
          0.6504507,
          3.5599055,
          1.7794895,
          1
        ]
      },
      {
        "date" : 796220681.29313,
        "title" : "Untitled",
        "transform" : [
          0.9989787,
          4.0185855e-11,
          0.045184687,
          0,
          0.022627335,
          0.8655779,
          -0.500263,
          0,
          -0.039110858,
          0.50077444,
          0.8646938,
          0,
          -0.90245694,
          13.403511,
          -2.0477676,
          1
        ]
      },
      {
        "date" : 796218589.221866,
        "title" : "Untitled",
        "transform" : [
          0.9999317,
          -6.470513e-11,
          0.011686936,
          0,
          0.0034258969,
          0.9560698,
          -0.29311898,
          0,
          -0.011173526,
          0.293139,
          0.95600456,
          0,
          -0.2626832,
          8.565047,
          0.47511864,
          1
        ]
      }
    ]
  },
  "sceneViewportBackgroundColors" : {

  }
}