{
  "advancedEditorSelectedIdentifier" : "ProjectBrowser",
  "openSceneRelativePaths" : [
    "Scene.usda"
  ],
  "recentIdentifiers" : {
    "26DBAE76-5DD8-47B6-A085-1B4ADA111097" : [

    ]
  },
  "sceneCameraHistory" : {
    "26DBAE76-5DD8-47B6-A085-1B4ADA111097" : [
      {
        "date" : 796438856.017695,
        "title" : "Untitled",
        "transform" : [
          0.99441427,
          -2.5064256e-10,
          0.10554711,
          0,
          0.005669786,
          0.9985561,
          -0.05341801,
          0,
          -0.10539471,
          0.05371806,
          0.9929785,
          0,
          -0.45464006,
          1.7860327,
          4.283441,
          1
        ]
      },
      {
        "date" : 796438811.18906,
        "title" : "Untitled",
        "transform" : [
          0.99095166,
          -1.8668533e-10,
          -0.13421881,
          0,
          -0.00536548,
          0.99920064,
          -0.03961391,
          0,
          0.13411152,
          0.03997562,
          0.99015963,
          0,
          0.58139503,
          1.7266045,
          4.2924695,
          1
        ]
      },
      {
        "date" : 796438776.75264,
        "title" : "Untitled",
        "transform" : [
          0.99938685,
          4.5273557e-10,
          0.03501143,
          0,
          0.0073298984,
          0.9778392,
          -0.209229,
          0,
          -0.03423555,
          0.20935737,
          0.9772397,
          0,
          -0.68407977,
          4.687021,
          3.3576374,
          1
        ]
      },
      {
        "date" : 796438762.88614,
        "title" : "Untitled",
        "transform" : [
          0.9997235,
          5.3569443e-10,
          0.023515636,
          0,
          0.008214392,
          0.9370049,
          -0.3492196,
          0,
          -0.022034269,
          0.3493162,
          0.9367458,
          0,
          -0.41092104,
          7.82038,
          2.4510746,
          1
        ]
      },
      {
        "date" : 796436520.8043,
        "title" : "Untitled",
        "transform" : [
          0.99945235,
          1.1478124e-11,
          -0.033090968,
          0,
          -0.000855826,
          0.9996655,
          -0.025848664,
          0,
          0.0330799,
          0.025862828,
          0.99911803,
          0,
          -1.9210099,
          7.5309744,
          1.889843,
          1
        ]
      },
      {
        "date" : 796221020.65889,
        "title" : "Untitled",
        "transform" : [
          0.99945235,
          1.1478124e-11,
          -0.033090968,
          0,
          -0.000855826,
          0.9996655,
          -0.025848664,
          0,
          0.0330799,
          0.025862828,
          0.99911803,
          0,
          0.7925483,
          2.2201726,
          1.9374752,
          1
        ]
      },
      {
        "date" : 796220940.270214,
        "title" : "Untitled",
        "transform" : [
          0.9999613,
          1.1470408e-12,
          -0.008790383,
          0,
          -0.0001705744,
          0.99981177,
          -0.019403912,
          0,
          0.008788728,
          0.019404663,
          0.99977314,
          0,
          0.21065655,
          2.0654106,
          1.9635067,
          1
        ]
      },
      {
        "date" : 796220925.089678,
        "title" : "Untitled",
        "transform" : [
          0.9999879,
          -3.2532223e-13,
          -0.0049186433,
          0,
          6.6985376e-05,
          0.9999073,
          0.013618503,
          0,
          0.0049181874,
          -0.013618667,
          0.9998952,
          0,
          0.11814367,
          1.2730037,
          2.0192738,
          1
        ]
      },
      {
        "date" : 796220908.07135,
        "title" : "Untitled",
        "transform" : [
          0.9999922,
          -3.6200504e-12,
          -0.0039578644,
          0,
          0.00011384811,
          0.9995862,
          0.02876481,
          0,
          0.0039562266,
          -0.028765036,
          0.9995784,
          0,
          0.0951316,
          0.90897715,
          2.0359058,
          1
        ]
      },
      {
        "date" : 796220775.374971,
        "title" : "Untitled",
        "transform" : [
          0.99985754,
          -4.8954764e-12,
          -0.016877525,
          0,
          -0.000116709154,
          0.9999761,
          -0.0069140787,
          0,
          0.01687712,
          0.0069150636,
          0.99983364,
          0,
          0.40486416,
          1.7659234,
          1.9849453,
          1
        ]
      }
    ]
  },
  "sceneViewportBackgroundColors" : {

  }
}