{
  "advancedEditorSelectedIdentifier" : "ShaderGraphEditorPluginID",
  "openSceneRelativePaths" : [
    "Scene.usda"
  ],
  "recentIdentifiers" : {
    "26DBAE76-5DD8-47B6-A085-1B4ADA111097" : [

    ]
  },
  "sceneCameraHistory" : {
    "26DBAE76-5DD8-47B6-A085-1B4ADA111097" : [
      {
        "date" : 796131553.838521,
        "title" : "Untitled",
        "transform" : [
          0.9999481,
          -9.254504e-10,
          0.010195637,
          0,
          0.0024175027,
          0.97148263,
          -0.23709859,
          0,
          -0.009904862,
          0.23711094,
          0.9714321,
          0,
          -0.1514353,
          4.691724,
          -7.1477966,
          1
        ]
      },
      {
        "date" : 796131350.565854,
        "title" : "Untitled",
        "transform" : [
          0.98353213,
          -1.0730012e-09,
          -0.18073373,
          0,
          -0.081234924,
          0.893294,
          -0.44207114,
          0,
          0.16144833,
          0.44947305,
          0.87858313,
          0,
          2.4250386,
          7.911214,
          -8.803219,
          1
        ]
      },
      {
        "date" : 796131343.885558,
        "title" : "Untitled",
        "transform" : [
          0.99821955,
          -1.1020671e-09,
          0.05964818,
          0,
          0.017423753,
          0.95638514,
          -0.2915886,
          0,
          -0.057046622,
          0.29210877,
          0.9546822,
          0,
          -0.86855775,
          5.5308495,
          -7.4645796,
          1
        ]
      },
      {
        "date" : 796131316.117629,
        "title" : "Untitled",
        "transform" : [
          0.99994224,
          -7.0164213e-10,
          0.010754888,
          0,
          0.0016226731,
          0.98855245,
          -0.15086873,
          0,
          -0.010631772,
          0.1508775,
          0.98849523,
          0,
          -0.16355617,
          3.3691816,
          -6.7932577,
          1
        ]
      },
      {
        "date" : 796131313.813392,
        "title" : "Untitled",
        "transform" : [
          0.9994924,
          -7.264318e-10,
          -0.031858366,
          0,
          -0.012327769,
          0.9220984,
          -0.38675916,
          0,
          0.029376542,
          0.38695562,
          0.9216302,
          0,
          0.4437933,
          6.9694214,
          -8.076878,
          1
        ]
      },
      {
        "date" : 796131309.530506,
        "title" : "Untitled",
        "transform" : [
          0.9994924,
          -7.264318e-10,
          -0.031858366,
          0,
          -0.012327769,
          0.9220984,
          -0.38675916,
          0,
          0.029376542,
          0.38695562,
          0.9216302,
          0,
          0.68531275,
          10.762292,
          -0.4996891,
          1
        ]
      },
      {
        "date" : 796131215.379317,
        "title" : "Untitled",
        "transform" : [
          0.99871176,
          -9.698125e-10,
          0.050742242,
          0,
          0.020146811,
          0.91780037,
          -0.3965307,
          0,
          -0.046571247,
          0.39704216,
          0.91661805,
          0,
          -1.0854751,
          10.997492,
          -0.6356163,
          1
        ]
      },
      {
        "date" : 796130665.915762,
        "title" : "Untitled",
        "transform" : [
          0.9974613,
          -3.1176313e-09,
          -0.07121011,
          0,
          -0.039732665,
          0.82986534,
          -0.5565473,
          0,
          0.059094805,
          0.5579638,
          0.82775855,
          0,
          6.8147545,
          73.005325,
          73.45622,
          1
        ]
      },
      {
        "date" : 796130660.064229,
        "title" : "Untitled",
        "transform" : [
          0.99211305,
          -2.9722553e-09,
          0.12534627,
          0,
          0.0652064,
          0.8540383,
          -0.51610726,
          0,
          -0.107050516,
          0.52021015,
          0.84730256,
          0,
          -0.5266286,
          2.9594104,
          -17.831745,
          1
        ]
      },
      {
        "date" : 796130525.930069,
        "title" : "Untitled",
        "transform" : [
          0.99913484,
          1.4151043e-09,
          0.041588705,
          0,
          0.041324966,
          0.11243983,
          -0.9927988,
          0,
          -0.0046762247,
          0.99365854,
          0.11234263,
          0,
          -0.12036184,
          26.042818,
          -19.108086,
          1
        ]
      }
    ]
  },
  "sceneViewportBackgroundColors" : {

  }
}