{
  "advancedEditorSelectedIdentifier" : "ShaderGraphEditorPluginID",
  "openSceneRelativePaths" : [
    "Scene.usda"
  ],
  "recentIdentifiers" : {
    "26DBAE76-5DD8-47B6-A085-1B4ADA111097" : [

    ]
  },
  "sceneCameraHistory" : {
    "26DBAE76-5DD8-47B6-A085-1B4ADA111097" : [
      {
        "date" : 796050533.14345,
        "title" : "Untitled",
        "transform" : [
          0.9384152,
          1.1743339e-08,
          0.34550965,
          0,
          0.19236796,
          0.83066946,
          -0.5224778,
          0,
          -0.28700423,
          0.55676603,
          0.7795129,
          0,
          5.5408773,
          19.744984,
          28.422096,
          1
        ]
      },
      {
        "date" : 796050424.211311,
        "title" : "Untitled",
        "transform" : [
          0.59131914,
          1.09145315e-08,
          0.80643755,
          0,
          0.7232683,
          0.44229767,
          -0.5303355,
          0,
          -0.3566855,
          0.8968682,
          0.2615392,
          0,
          -10.417576,
          39.758167,
          13.689152,
          1
        ]
      },
      {
        "date" : 796050369.136129,
        "title" : "Untitled",
        "transform" : [
          0.7732568,
          9.238185e-09,
          0.6340929,
          0,
          0.5115077,
          0.5909936,
          -0.6237679,
          0,
          -0.37474486,
          0.80667615,
          0.4569899,
          0,
          -5.301811,
          34.045143,
          20.139915,
          1
        ]
      },
      {
        "date" : 796050259.052203,
        "title" : "Untitled",
        "transform" : [
          0.9839492,
          1.7599092e-11,
          0.17844866,
          0,
          0.10594709,
          0.8046779,
          -0.58418226,
          0,
          -0.14359367,
          0.59371173,
          0.79176223,
          0,
          14.323261,
          21.77525,
          25.787407,
          1
        ]
      },
      {
        "date" : 796050252.568086,
        "title" : "Untitled",
        "transform" : [
          0.9969386,
          1.5517587e-11,
          0.0781888,
          0,
          0.04631945,
          0.80564046,
          -0.5905913,
          0,
          -0.062992044,
          0.59240484,
          0.8031741,
          0,
          19.07233,
          21.70305,
          24.132172,
          1
        ]
      },
      {
        "date" : 796050235.007044,
        "title" : "Untitled",
        "transform" : [
          0.9645026,
          3.4488323e-10,
          0.26407313,
          0,
          0.099745125,
          0.92592084,
          -0.3643097,
          0,
          -0.24451083,
          0.3777176,
          0.8930531,
          0,
          9.02297,
          10.178391,
          30.706165,
          1
        ]
      },
      {
        "date" : 796049866.190601,
        "title" : "Untitled",
        "transform" : [
          0.22396302,
          -9.439738e-10,
          0.97459775,
          0,
          0.64515585,
          0.74952906,
          -0.14825709,
          0,
          -0.7304893,
          0.66197145,
          0.16786683,
          0,
          -36.24127,
          25.589582,
          9.538827,
          1
        ]
      },
      {
        "date" : 796049855.995908,
        "title" : "Untitled",
        "transform" : [
          0.9411838,
          8.21802e-09,
          0.33789495,
          0,
          0.057471253,
          0.98542917,
          -0.16008237,
          0,
          -0.33297154,
          0.17008618,
          0.9274701,
          0,
          -14.200903,
          2.1228688,
          43.047337,
          1
        ]
      },
      {
        "date" : 796049332.00647,
        "title" : "Untitled",
        "transform" : [
          0.94118375,
          6.904912e-09,
          0.33789492,
          0,
          0.05747122,
          0.98542917,
          -0.16008237,
          0,
          -0.33297145,
          0.17008625,
          0.92747,
          0,
          -2.0129404,
          2.0888612,
          2.218034,
          1
        ]
      },
      {
        "date" : 796049292.571701,
        "title" : "Untitled",
        "transform" : [
          0.99787486,
          6.1170082e-09,
          0.065158494,
          0,
          -0.010595274,
          0.9866909,
          0.16226152,
          0,
          -0.06429122,
          -0.16260698,
          0.98459405,
          0,
          -1.3576633,
          1.0652716,
          3.2182126,
          1
        ]
      }
    ]
  },
  "sceneViewportBackgroundColors" : {

  }
}