{
  "advancedEditorSelectedIdentifier" : "ProjectBrowser",
  "openSceneRelativePaths" : [
    "Scene.usda"
  ],
  "recentIdentifiers" : {
    "26DBAE76-5DD8-47B6-A085-1B4ADA111097" : [

    ]
  },
  "sceneCameraHistory" : {
    "26DBAE76-5DD8-47B6-A085-1B4ADA111097" : [
      {
        "date" : 796034609.072669,
        "title" : "Untitled",
        "transform" : [
          0.98960793,
          1.3003971e-09,
          0.14379187,
          0,
          0.018276893,
          0.9918891,
          -0.1257857,
          0,
          -0.1426256,
          0.12710656,
          0.9815813,
          0,
          -1.8771079,
          2.9711595,
          2.016735,
          1
        ]
      },
      {
        "date" : 796034548.475895,
        "title" : "Untitled",
        "transform" : [
          0.98960793,
          1.3003971e-09,
          0.14379187,
          0,
          0.018276893,
          0.9918891,
          -0.1257857,
          0,
          -0.14262562,
          0.12710658,
          0.9815814,
          0,
          -0.3847287,
          0.96614313,
          2.4932158,
          1
        ]
      },
      {
        "date" : 796034537.210092,
        "title" : "Untitled",
        "transform" : [
          1,
          0,
          0,
          0,
          0,
          1,
          0,
          0,
          0,
          0,
          1,
          0,
          -0.022226458,
          0.6376642,
          2.6249695,
          1
        ]
      },
      {
        "date" : 796034454.23306,
        "title" : "Untitled",
        "transform" : [
          1,
          0,
          0,
          0,
          0,
          1,
          0,
          0,
          0,
          0,
          1,
          0,
          -0.059265733,
          1.7002994,
          2,
          1
        ]
      },
      {
        "date" : 796034450.96057,
        "title" : "Untitled",
        "transform" : [
          1,
          0,
          0,
          0,
          0,
          1,
          0,
          0,
          0,
          0,
          1,
          0,
          -0.009117752,
          1.4153695,
          1.9999999,
          1
        ]
      },
      {
        "date" : 796034386.261159,
        "title" : "Untitled",
        "transform" : [
          1,
          0,
          0,
          0,
          0,
          1,
          0,
          0,
          0,
          0,
          1,
          0,
          0.027353793,
          1.5247793,
          2,
          1
        ]
      },
      {
        "date" : 796034312.510443,
        "title" : "Untitled",
        "transform" : [
          0.9994329,
          2.2843651e-09,
          -0.033673733,
          0,
          -0.01901781,
          0.82525045,
          -0.56444657,
          0,
          0.027789263,
          0.5647669,
          0.82478243,
          0,
          -2.0000162,
          3.2872472,
          0.95480776,
          1
        ]
      },
      {
        "date" : 795962671.20803,
        "title" : "Untitled",
        "transform" : [
          0.9994329,
          2.2843651e-09,
          -0.033673733,
          0,
          -0.01901781,
          0.82525045,
          -0.56444657,
          0,
          0.027789263,
          0.5647669,
          0.82478243,
          0,
          -0.15041749,
          1.4157773,
          2.1739721,
          1
        ]
      },
      {
        "date" : 795962663.635602,
        "title" : "Untitled",
        "transform" : [
          0.9994329,
          2.2843651e-09,
          -0.033673733,
          0,
          -0.01901781,
          0.82525045,
          -0.56444657,
          0,
          0.027789263,
          0.5647669,
          0.82478243,
          0,
          0.45981717,
          1.8242766,
          1.8736937,
          1
        ]
      },
      {
        "date" : 795962659.331917,
        "title" : "Untitled",
        "transform" : [
          0.9994329,
          2.2843651e-09,
          -0.033673733,
          0,
          -0.01901781,
          0.82525045,
          -0.56444657,
          0,
          0.027789263,
          0.5647669,
          0.82478243,
          0,
          0.62921256,
          2.496859,
          1.407439,
          1
        ]
      }
    ]
  },
  "sceneViewportBackgroundColors" : {

  }
}