{
  "advancedEditorSelectedIdentifier" : "ShaderGraphEditorPluginID",
  "openSceneRelativePaths" : [
    "Scene.usda"
  ],
  "recentIdentifiers" : {
    "26DBAE76-5DD8-47B6-A085-1B4ADA111097" : [

    ]
  },
  "sceneCameraHistory" : {
    "26DBAE76-5DD8-47B6-A085-1B4ADA111097" : [
      {
        "date" : 796207210.258434,
        "title" : "Untitled",
        "transform" : [
          0.99823403,
          -1.0328812e-09,
          -0.059404824,
          0,
          -0.011213083,
          0.98202384,
          -0.18842378,
          0,
          0.05833695,
          0.18875714,
          0.9802895,
          0,
          1.3821461,
          6.1014094,
          1.2254715,
          1
        ]
      },
      {
        "date" : 796207110.719463,
        "title" : "Untitled",
        "transform" : [
          1,
          1.36174675e-14,
          -2.868025e-05,
          0,
          -2.7905273e-07,
          0.9999527,
          -0.009729787,
          0,
          2.8678893e-05,
          0.009729787,
          0.9999527,
          0,
          0.0006878469,
          1.8334392,
          1.9832973,
          1
        ]
      },
      {
        "date" : 796207094.986401,
        "title" : "Untitled",
        "transform" : [
          0.9980959,
          -7.2566975e-10,
          0.0616807,
          0,
          0.010857125,
          0.9843864,
          -0.17568617,
          0,
          -0.060717616,
          0.17602137,
          0.98251194,
          0,
          -1.1568592,
          3.482954,
          -6.9285583,
          1
        ]
      },
      {
        "date" : 796131553.838521,
        "title" : "Untitled",
        "transform" : [
          0.9999481,
          -9.254504e-10,
          0.010195637,
          0,
          0.0024175027,
          0.97148263,
          -0.23709859,
          0,
          -0.009904862,
          0.23711094,
          0.9714321,
          0,
          -0.1514353,
          4.691724,
          -7.1477966,
          1
        ]
      },
      {
        "date" : 796131350.565854,
        "title" : "Untitled",
        "transform" : [
          0.98353213,
          -1.0730012e-09,
          -0.18073373,
          0,
          -0.081234924,
          0.893294,
          -0.44207114,
          0,
          0.16144833,
          0.44947305,
          0.87858313,
          0,
          2.4250386,
          7.911214,
          -8.803219,
          1
        ]
      },
      {
        "date" : 796131343.885558,
        "title" : "Untitled",
        "transform" : [
          0.99821955,
          -1.1020671e-09,
          0.05964818,
          0,
          0.017423753,
          0.95638514,
          -0.2915886,
          0,
          -0.057046622,
          0.29210877,
          0.9546822,
          0,
          -0.86855775,
          5.5308495,
          -7.4645796,
          1
        ]
      },
      {
        "date" : 796131316.117629,
        "title" : "Untitled",
        "transform" : [
          0.99994224,
          -7.0164213e-10,
          0.010754888,
          0,
          0.0016226731,
          0.98855245,
          -0.15086873,
          0,
          -0.010631772,
          0.1508775,
          0.98849523,
          0,
          -0.16355617,
          3.3691816,
          -6.7932577,
          1
        ]
      },
      {
        "date" : 796131313.813392,
        "title" : "Untitled",
        "transform" : [
          0.9994924,
          -7.264318e-10,
          -0.031858366,
          0,
          -0.012327769,
          0.9220984,
          -0.38675916,
          0,
          0.029376542,
          0.38695562,
          0.9216302,
          0,
          0.4437933,
          6.9694214,
          -8.076878,
          1
        ]
      },
      {
        "date" : 796131309.530506,
        "title" : "Untitled",
        "transform" : [
          0.9994924,
          -7.264318e-10,
          -0.031858366,
          0,
          -0.012327769,
          0.9220984,
          -0.38675916,
          0,
          0.029376542,
          0.38695562,
          0.9216302,
          0,
          0.68531275,
          10.762292,
          -0.4996891,
          1
        ]
      },
      {
        "date" : 796131215.379317,
        "title" : "Untitled",
        "transform" : [
          0.99871176,
          -9.698125e-10,
          0.050742242,
          0,
          0.020146811,
          0.91780037,
          -0.3965307,
          0,
          -0.046571247,
          0.39704216,
          0.91661805,
          0,
          -1.0854751,
          10.997492,
          -0.6356163,
          1
        ]
      }
    ]
  },
  "sceneViewportBackgroundColors" : {

  }
}